1 0   0.902169   0.738715
1 1   0.771119   1.172693
1 2   1.286295   0.712247
1 3   0.982872   1.407607
1 4   1.111430   1.063933
1 5   1.190316   1.110404
1 6   1.604043   0.822711
1 7   1.007544   1.051500
1 8   1.169220   0.571497
1 9   1.162991   0.792582
1 10   1.056245   1.095783
1 11   1.121553   1.146068
1 12   1.299516   1.060999
1 13   0.761291   0.809219
1 14   1.327860   0.753307
1 15   0.740996   1.117019
1 16   1.081224   0.692811
1 17   0.710747   1.015686
1 18   0.655621   1.142618
1 19   0.739401   0.701910
1 20   0.886374   1.227746
1 21   0.892795   0.923957
1 22   0.888608   1.393277
1 23   0.671020   1.153466
1 24   1.094534   1.117306
1 25   1.034515   1.272097
1 26   1.048736   1.104264
1 27   1.164107   0.945645
1 28   1.122255   0.977969
1 29   0.756684   1.165668
1 30   0.909301   0.971597
1 31   1.088100   0.963370
1 32   0.912978   1.379757
1 33   0.694028   1.233032
1 34   1.084404   1.077285
1 35   1.175434   0.934365
1 36   1.360696   1.079100
1 37   0.880602   0.970490
1 38   1.230604   1.049134
1 39   0.773130   1.320953
1 40   0.857499   0.943599
1 41   0.877314   0.657487
1 42   0.956354   0.909990
1 43   1.251409   1.259693
1 44   0.836765   0.846283
1 45   0.857751   1.096562
1 46   1.042196   1.348623
1 47   0.892603   0.829580
1 48   1.175458   1.147286
1 49   0.801159   0.924352
1 50   1.076243   1.170218
1 51   1.254257   1.184299
1 52   1.232541   1.019930
1 53   1.294454   1.011818
1 54   1.280685   1.205529
1 55   0.677596   0.488297
1 56   0.676619   0.923477
1 57   0.949811   0.977868
1 58   0.858441   0.845129
1 59   0.938607   0.654673
1 60   0.623702   0.785065
1 61   0.741093   0.879406
1 62   1.006902   1.148467
1 63   0.922944   1.305431
1 64   1.034249   0.963306
1 65   0.840222   0.731927
1 66   0.800394   0.970625
1 67   1.188961   0.534592
1 68   1.162851   1.009584
1 69   1.039122   0.667514
1 70   0.981186   0.879985
1 71   0.986384   0.961375
1 72   0.864373   1.060408
1 73   0.859653   1.050972
1 74   1.526425   1.185582
1 75   1.047963   0.762041
1 76   0.502527   1.046827
1 77   0.864032   1.520362
1 78   1.185064   1.357123
1 79   1.114415   1.016428
1 80   0.667338   0.726429
1 81   0.894662   1.092625
1 82   0.774816   1.032972
1 83   1.063054   1.455880
1 84   0.591485   0.719975
1 85   0.968573   1.420021
1 86   1.160960   1.013143
1 87   0.929083   0.675236
1 88   1.162357   0.737346
1 89   0.995296   1.066859
1 90   1.122818   1.129088
1 91   1.202619   0.953277
1 92   0.853233   1.074783
1 93   0.952454   0.741969
1 94   0.842449   0.647632
1 95   1.414770   1.196331
1 96   0.852853   1.241269
1 97   0.945423   0.800231
1 98   1.069303   0.821837
1 99   1.117563   1.168507
1 100   0.944661   1.117914
1 101   1.284048   0.976919
1 102   0.998538   0.500848
1 103   1.465571   1.312605
1 104   0.866960   1.046382
1 105   0.702584   0.724544
1 106   0.993348   0.687935
1 107   0.861329   1.207479
1 108   0.798843   1.331344
1 109   1.241989   1.063808
1 110   0.873208   1.204062
1 111   1.099699   1.085592
1 112   0.795720   1.132975
1 113   0.809074   1.017106
1 114   0.727862   1.265540
1 115   0.873630   0.876113
1 116   0.820872   1.096335
1 117   0.984801   0.821691
1 118   1.049154   1.084680
1 119   0.710653   1.082396
1 120   1.067012   1.202632
1 121   0.888152   0.908896
1 122   0.781332   0.722158
1 123   0.956963   1.056819
1 124   0.984210   0.846875
1 125   1.347572   1.038051
1 126   1.203720   1.186577
1 127   1.131667   0.903475
1 128   1.188734   1.075088
1 129   1.240580   0.814615
1 130   0.947407   1.193706
1 131   0.933802   1.053125
1 132   1.400713   1.320337
1 133   0.725593   1.294493
1 134   0.929293   0.935316
1 135   0.728075   1.211321
1 136   0.850866   1.139034
1 137   1.335616   1.075070
1 138   0.768679   1.167256
1 139   0.690397   1.279364
1 140   1.159899   1.059763
1 141   1.081257   1.046801
1 142   0.719120   0.834118
1 143   1.089434   1.047902
1 144   0.921904   1.111828
1 145   0.976666   1.047417
1 146   0.747512   0.994878
1 147   0.979763   1.581812
1 148   0.817501   1.113038
1 149   0.933101   0.912066
1 150   1.017499   1.039524
1 151   1.383206   0.982821
1 152   1.164118   1.301129
1 153   1.050876   0.832977
1 154   1.253655   1.089739
1 155   1.097922   1.221654
1 156   0.837047   0.924058
1 157   1.406745   0.697799
1 158   1.073395   1.034931
1 159   1.023054   1.149564
1 160   1.119036   1.029508
1 161   1.226448   1.057590
1 162   0.951172   0.911020
1 163   1.104006   0.722624
1 164   1.087319   0.939928
1 165   0.804068   1.058489
1 166   1.212297   0.973895
1 167   1.069559   1.244348
1 168   0.930443   0.603873
1 169   1.081291   0.932466
1 170   1.359297   0.796957
1 171   0.873933   0.994161
1 172   0.861611   0.810264
1 173   1.085131   0.596649
1 174   0.906335   0.745546
1 175   1.075664   0.881848
1 176   0.885948   0.874242
1 177   1.119356   0.835219
1 178   1.086865   1.322304
1 179   0.976336   1.313233
1 180   0.867067   0.690222
1 181   0.954977   0.887068
1 182   1.086458   1.039644
1 183   1.100597   0.813309
1 184   0.716660   0.960276
1 185   1.075114   1.053170
1 186   1.098336   0.986070
1 187   0.985476   1.020203
1 188   0.674849   1.172724
1 189   1.512033   1.128823
1 190   1.017216   1.081924
1 191   0.936377   0.894010
1 192   1.134666   0.864544
1 193   1.098669   0.856615
1 194   0.856956   1.377199
1 195   0.753771   0.660579
1 196   0.996205   0.934656
1 197   1.040957   0.728525
1 198   1.008808   0.784658
1 199   0.776801   0.924940
2 0   0.792941   0.130241
2 1   1.222167   0.197446
2 2   1.001577   0.505224
2 3   0.436100   0.320687
2 4   1.088550   0.301917
2 5   1.197007   0.682164
2 6   0.985136   0.098362
2 7   0.939108   0.515660
2 8   1.095049   0.486510
2 9   0.921782   0.194633
2 10   0.520597   0.512917
2 11   0.748816   0.548109
2 12   0.939294   0.401857
2 13   1.632354   0.581467
2 14   1.107448   0.511925
2 15   1.013708   0.530812
2 16   1.352400   0.704894
2 17   1.374476   0.853503
2 18   0.918834   0.384025
2 19   1.195028   0.017442
2 20   0.549298   0.209351
2 21   1.071328   0.379248
2 22   0.786417   0.559424
2 23   0.904803   0.389933
2 24   0.653937   0.700888
2 25   1.341409   0.051954
2 26   1.180025   0.624869
2 27   0.802631   0.771232
2 28   0.896458   0.047492
2 29   1.292028   0.580037
2 30   0.964619   0.023511
2 31   0.904298   0.344197
2 32   0.978704   0.485129
2 33   1.130540   0.304881
2 34   0.890485   0.584465
2 35   1.022425   0.373489
2 36   1.109518   0.342723
2 37   0.912878   0.523806
2 38   0.875229   0.411846
2 39   0.667766   0.439992
2 40   1.198516   0.569877
2 41   0.771621   0.818319
2 42   1.246790   0.132668
2 43   0.935959   0.124613
2 44   1.331896   0.460047
2 45   0.884641   0.262284
2 46   0.757286   0.489138
2 47   0.944853   0.490301
2 48   0.864704   0.131488
2 49   1.010659   0.602664
2 50   1.090283   0.489584
2 51   1.263439   0.123791
2 52   0.731306   0.202386
2 53   1.364188   0.576092
2 54   1.063180   0.425601
2 55   0.916250   0.237812
2 56   0.761752   0.230652
2 57   0.771178   0.217761
2 58   0.710376   0.238438
2 59   0.895237   0.412522
2 60   1.437281   0.363269
2 61   0.910783   0.653766
2 62   0.911199   0.066187
2 63   1.115084   0.353573
2 64   1.071593   0.140501
2 65   1.126649   0.111974
2 66   0.784958   0.559264
2 67   0.935099   0.139973
2 68   0.951833   0.403803
2 69   1.037634   0.200427
2 70   0.988965   0.205909
2 71   1.079652   0.828516
2 72   0.834607   0.134884
2 73   0.850926   0.286390
2 74   0.927426   0.909857
2 75   0.807224   0.598987
2 76   1.139112   0.422185
2 77   0.940987   0.498941
2 78   0.938583   0.155422
2 79   0.771657   0.618234
2 80   1.218408   0.618099
2 81   0.869354   0.459931
2 82   0.652598   0.444852
2 83   1.128376   0.281888
2 84   0.704943   0.203523
2 85   0.766801   0.399635
2 86   1.059477   0.170593
2 87   0.846146   0.404381
2 88   0.755971   0.391385
2 89   1.065944   0.610074
2 90   0.858143   0.092046
2 91   1.165387   0.377064
2 92   1.009930   0.451636
2 93   1.063142   0.654614
2 94   1.234968   0.520846
2 95   0.949033   0.151985
2 96   0.843430   0.312806
2 97   1.140682   0.519938
2 98   1.103643   0.637940
2 99   1.326580   0.286331
2 100   1.233444   0.273806
2 101   1.084370   0.409613
2 102   0.655035   0.193980
2 103   0.648013   0.484056
2 104   1.117124   0.270919
2 105   0.989386   0.210266
2 106   1.200395   0.405845
2 107   1.176911   0.496633
2 108   1.225711   0.483123
2 109   0.783719   0.444559
2 110   1.466702   0.206566
2 111   0.516619   0.233397
2 112   0.814023   0.023839
2 113   1.097813  -0.022990
2 114   1.245247   0.065970
2 115   1.281097   0.316774
2 116   1.157280   0.748885
2 117   0.666162   0.468045
2 118   1.120746   0.303211
2 119   1.102196   0.122091
2 120   0.958731   0.015636
2 121   1.060600   0.556995
2 122   0.930940   0.368552
2 123   0.643493   0.361023
2 124   1.353798   0.732129
2 125   0.967705   0.633841
2 126   1.021017   0.629457
2 127   0.806096   0.877705
2 128   0.798465   0.234174
2 129   0.872994   0.774522
2 130   1.036581   0.531700
2 131   1.361125  -0.337926
2 132   0.850487   0.523217
2 133   0.609878   0.514219
2 134   0.714681   0.416239
2 135   0.943004   0.368845
2 136   1.078455   0.266704
2 137   1.107514   0.429976
2 138   1.018401   0.618388
2 139   1.133918   0.379696
2 140   1.160861   0.421608
2 141   1.060953   0.018062
2 142   0.576571   0.309636
2 143   0.788298   0.450570
2 144   0.623815   0.496352
2 145   0.954764   0.388955
2 146   1.078582   0.389828
2 147   0.757400   0.578698
2 148   1.228884   0.510348
2 149   1.076085   0.317969
2 150   1.109419   0.767560
2 151   1.226941   0.349589
2 152   0.569956   0.697275
2 153   0.814357   0.488025
2 154   1.196026   0.277300
2 155   0.937533   0.437326
2 156   0.793200   0.299677
2 157   0.652503   0.365308
2 158   1.179985   0.172158
2 159   1.164402   0.354603
2 160   0.969431   0.208898
2 161   0.976895   0.447371
2 162   0.796203   0.257162
2 163   1.202947   0.362908
2 164   0.965507   0.398210
2 165   0.675188   0.231472
2 166   1.030812   0.388814
2 167   1.014783   0.339709
2 168   0.847173   0.585207
2 169   1.143871   0.621018
2 170   1.241667   0.062069
2 171   1.070537   0.354036
2 172   1.034028   0.471154
2 173   1.224493   0.371197
2 174   0.867233   0.817684
2 175   1.278982   0.293611
2 176   0.869985   0.571753
2 177   0.427072   0.256261
2 178   1.409996   0.581534
2 179   0.845066   0.325253
2 180   0.767591   0.177516
2 181   0.647974   0.479903
2 182   0.965282   0.016810
2 183   1.161307   0.622718
2 184   0.802969   0.511038
2 185   1.211389   0.271022
2 186   1.175463   0.512540
2 187   0.805879   0.660767
2 188   1.337104   0.404176
2 189   1.354916   0.391522
2 190   1.044680   0.555309
2 191   0.801960   0.597663
2 192   0.968716   0.310901
2 193   0.991223   0.441162
2 194   1.111494   0.438001
2 195   0.721028   0.608850
2 196   0.664888   0.463216
2 197   1.244110   0.521407
2 198   0.700681   0.649532
2 199   0.801332   0.310470
3 0   0.299702   0.978334
3 1   0.530913   1.087767
3 2   0.309414   1.144250
3 3   0.418181   0.947551
3 4   0.385588   0.669878
3 5   0.985533   1.245924
3 6   0.617997   1.101062
3 7   0.650044   0.996870
3 8   0.669559   1.358068
3 9   0.832312   0.992875
3 10  -0.004143   0.820726
3 11   0.291586   1.131654
3 12   0.443046   1.152990
3 13   0.268490   0.845832
3 14   0.084651   1.078452
3 15   0.245023   0.729828
3 16   0.392588   0.998547
3 17   0.215545   0.913598
3 18   0.816648   0.964916
3 19   0.357936   0.972918
3 20   0.523057   1.047801
3 21   0.326742   1.049697
3 22   0.489588   1.012755
3 23   0.593718   0.974468
3 24   0.830954   0.754619
3 25   0.516030   0.876321
3 26   0.446092   1.003034
3 27   0.322811   0.990405
3 28   0.391738   0.656016
3 29   0.413935   0.914888
3 30   0.318175   1.077457
3 31   0.399544   1.000403
3 32   0.555271   0.790000
3 33   0.298147   0.815460
3 34   0.674621   0.984960
3 35   0.426599   1.091760
3 36   0.681241   0.947206
3 37   0.470971   0.824667
3 38   0.442180   1.146705
3 39   0.658206   1.080228
3 40   0.061773   0.807634
3 41   0.322029   1.111543
3 42   0.193739   1.029322
3 43   0.077142   1.103622
3 44   0.088517   1.366038
3 45   0.503631   1.143755
3 46   0.437999   1.208411
3 47   0.719419   0.916168
3 48   0.542358   1.230811
3 49   0.741338   0.660194
3 50   0.574063   1.021390
3 51   0.379111   1.134537
3 52   0.437027   1.179667
3 53   0.099195   1.075482
3 54   0.238393   1.124427
3 55   0.106492   1.285009
3 56   0.200081   0.907102
3 57   0.565745   0.967965
3 58   0.325572   0.972194
3 59   0.140468   1.083596
3 60   0.288365   1.271348
3 61   0.351185   1.297461
3 62   0.298501   0.893608
3 63   0.192245   1.245101
3 64   0.657137   1.123383
3 65   0.256289   1.217467
3 66   0.160760   1.018776
3 67   0.148701   0.858390
3 68   0.262784   1.149961
3 69   0.055805   1.175126
3 70   0.586634   0.820073
3 71   0.312783   0.929871
3 72   0.233333   1.193918
3 73   0.281830   0.713439
3 74   0.627126   1.167485
3 75   0.603609   1.217323
3 76   0.579043   1.034385
3 77   0.420065   1.068572
3 78   0.102971   0.812268
3 79   0.399010   1.189210
3 80   0.536203   1.003475
3 81   0.472885   0.843791
3 82   0.450948   0.660787
3 83   0.122398   1.236386
3 84   0.320063   0.852505
3 85   0.239503   1.304648
3 86   0.573786   0.752398
3 87   0.201240   0.916181
3 88   0.809749   0.908930
3 89   0.355720   1.189053
3 90   0.076251   0.939566
3 91   0.536930   0.910104
3 92   0.520644   0.805240
3 93   1.093805   1.093951
3 94   0.158981   1.164735
3 95   0.373539   1.209651
3 96   0.477193   1.017226
3 97   0.408770   1.100902
3 98   0.300581   0.955049
3 99   0.191135   1.121574
3 100   0.357944   1.048489
3 101   0.668494   1.031849
3 102   0.571633   0.942363
3 103   0.592602   1.094394
3 104   0.245980   1.213165
3 105   0.754480   0.751340
3 106   0.093440   0.856376
3 107   0.378246   1.219804
3 108   0.453085   0.290615
3 109   0.485898   1.068706
3 110   0.453527   0.986211
3 111   0.560641   1.115506
3 112   0.194145   1.242952
3 113   0.488213   1.090323
3 114   0.417060   0.809931
3 115   0.599833   0.703304
3 116  -0.036279   1.088364
3 117   0.136718   1.068494
3 118   0.376235   1.029689
3 119   0.398367   1.365442
3 120   0.320331   1.143166
3 121   0.524308   0.876873
3 122   0.473367   0.754913
3 123   0.382608   0.625034
3 124   0.115374   1.189439
3 125   0.148091   1.243379
3 126   0.151885   0.834096
3 127   0.093543   1.006385
3 128   0.271557   0.775746
3 129   0.051417   0.874717
3 130   0.462533   1.091334
3 131   0.674755   0.695983
3 132   0.314243   1.044218
3 133   0.288092   1.078387
3 134   0.390270   1.093678
3 135   0.378833   1.011743
3 136   0.591751   0.824935
3 137   0.613686   1.238952
3 138   0.120344   0.797700
3 139   0.646309   0.811981
3 140   0.474521   1.078899
3 141   0.365895   0.893483
3 142   0.654684   0.917076
3 143   0.590012   1.024789
3 144   0.033556   0.822855
3 145   0.298811   1.237536
3 146   0.775286   0.881539
3 147   0.432292   0.751622
3 148   0.447041   0.966434
3 149   0.436425   1.076628
3 150   0.445756   0.784748
3 151   0.546405   0.876423
3 152   0.049928   0.970805
3 153   0.388830   1.021350
3 154   0.267372   1.362624
3 155   0.032589   1.094962
3 156   0.637688   1.133153
3 157   0.627344   0.553493
3 158   0.051965   0.871909
3 159   0.286854   0.799890
3 160   0.646592   1.028745
3 161   0.271922   1.040911
3 162   0.389482   1.029209
3 163   0.399072   0.585058
3 164   0.234957   0.933856
3 165   0.502977   0.773413
3 166   0.550566   1.207526
3 167   0.652530   0.770203
3 168   0.011286   0.877957
3 169   0.340933   1.224237
3 170   0.134556   1.208307
3 171  -0.022485   1.062655
3 172  -0.000562   1.053652
3 173   0.295090   0.771345
3 174   0.590810   0.932172
3 175   0.608981   0.719007
3 176   0.838900   1.116113
3 177   0.656775   0.923150
3 178   0.442324   0.740921
3 179   0.343799   1.039665
3 180   0.381116   1.078248
3 181   0.248023   1.224511
3 182   0.069816   1.209224
3 183   0.331301   0.947074
3 184   0.373768   1.019534
3 185   0.461656   0.979601
3 186   0.348449   1.010080
3 187   0.290259   0.906708
3 188   0.290249   0.799967
3 189   0.618560   0.886420
3 190   0.311314   0.872174
3 191   0.493139   1.140843
3 192   0.115837   0.891370
3 193   0.111953   1.097275
3 194   0.467528   1.011225
3 195   0.556815   0.962836
3 196   0.425832   0.836513
3 197   0.511805   1.051852
3 198   0.454055   1.258382
3 199   0.511445   1.044121
4 0   0.656814   0.440808
4 1   0.128275   0.317518
4 2   0.376851   0.471865
4 3   0.315757   0.418527
4 4   0.429038   0.642292
4 5   0.626435   0.535858
4 6   0.277133   0.300216
4 7   0.400980   0.588547
4 8   0.312444   0.451259
4 9   0.758218   0.145561
4 10   0.353934   0.685359
4 11   0.455094   0.458826
4 12   0.246646   0.475703
4 13   0.277952   0.665763
4 14   0.343930   0.428511
4 15   0.323390   0.704021
4 16   0.267288   0.363865
4 17   0.464182   0.799251
4 18   0.213242   0.137427
4 19   0.282678   0.141310
4 20   0.520412   0.576356
4 21   0.489312   0.081641
4 22   0.441743   0.527853
4 23   0.512395   0.784458
4 24   0.418086   0.526602
4 25   0.483489   0.329935
4 26   0.396864   0.582452
4 27   0.858543   0.686107
4 28   0.674480   0.565520
4 29   0.397514   0.431997
4 30   0.471213   0.479829
4 31   0.333670   0.660119
4 32   0.207232   0.170882
4 33   0.769339   0.158649
4 34   0.083487   0.671568
4 35   0.112763   0.802708
4 36   0.124189   0.760324
4 37   0.462696   0.503634
4 38   0.240568   0.202025
4 39   0.400108   0.731816
4 40   0.203321   0.281501
4 41   0.191779   0.769414
4 42   0.560689   0.252271
4 43   0.317177   0.406065
4 44   0.068362   0.270031
4 45   0.091135   0.269843
4 46   0.336165   0.214535
4 47   0.081244   0.640717
4 48   0.140826   0.160875
4 49   0.601496   0.503695
4 50   0.640534   0.144279
4 51   0.444455   0.449432
4 52   0.286651   0.122162
4 53   0.289051   0.479202
4 54   0.384638   0.840028
4 55   0.441414   0.131678
4 56   0.353131   0.549985
4 57   0.745614   0.352090
4 58   0.777444   0.127568
4 59   0.271572   0.568765
4 60   0.079552   0.427432
4 61   0.420128   0.690703
4 62   0.534240   0.776124
4 63   0.090637   0.341838
4 64   0.553827   0.958249
4 65   0.536100   0.320477
4 66   0.484365   0.271806
4 67   0.835598   0.381816
4 68   0.498330   0.730839
4 69   0.384810   0.321542
4 70   0.389826   0.282820
4 71   0.822132   0.244285
4 72   0.325816   0.212031
4 73   0.661031   0.468866
4 74   0.367881   0.124247
4 75   0.191378   0.289002
4 76   0.170695   0.422279
4 77   0.101932  -0.089335
4 78   0.501904   0.148687
4 79   0.353890   0.410858
4 80   0.611461   0.605995
4 81   0.266304   0.297495
4 82   0.311892   0.520494
4 83   0.304186   0.313894
4 84   0.263454   0.600944
4 85   0.395204   0.257432
4 86   0.133910   0.211648
4 87   0.567253   0.844391
4 88   0.144393   0.353738
4 89   0.261914   0.631750
4 90   0.392962   0.551327
4 91   0.143608   0.343724
4 92   0.369503   0.376224
4 93   0.149246   0.488198
4 94   0.541740   0.360451
4 95   0.555294   0.475420
4 96   0.661690   0.366626
4 97   0.306787   0.696895
4 98   0.852100   0.197462
4 99   0.529730   0.264983
4 100   0.433211   0.311967
4 101   0.502616   0.447291
4 102   0.385854   0.087674
4 103   0.217531   0.446362
4 104  -0.030755   0.100464
4 105   0.741154   0.192865
4 106   0.271597   0.589658
4 107  -0.084006   0.420739
4 108   0.384803   0.210199
4 109   0.378269   0.492004
4 110   0.300026   0.344247
4 111   0.396680   0.140339
4 112   0.257824   0.613726
4 113   0.581451   0.377278
4 114   0.332716   0.420557
4 115   0.177989   0.219999
4 116   0.089907   0.489299
4 117   0.559129   0.610968
4 118   0.455651   0.293244
4 119   0.594764   0.563728
4 120   0.220006   0.659795
4 121   0.595329   0.177952
4 122   0.227709   0.386728
4 123   0.247171   0.369418
4 124   0.730818   0.429288
4 125   0.261569   0.412416
4 126   0.288465  -0.018795
4 127   0.436420   0.362445
4 128   0.008859   0.583009
4 129   0.366328   0.489075
4 130   0.393055   0.084005
4 131   0.535969   0.363798
4 132   0.525280   0.331068
4 133   0.426689   0.215519
4 134   0.387271   0.393944
4 135   0.202999   0.049288
4 136   0.200458   0.591787
4 137   0.244848   0.242721
4 138   0.523851   0.006940
4 139   0.466877   0.716454
4 140   0.724696   0.445394
4 141   0.098637   0.547846
4 142   0.534967   0.853071
4 143   0.006803   0.444740
4 144   0.161396   0.577166
4 145   0.645798   0.132796
4 146   0.741665   0.447155
4 147   0.310150   0.470055
4 148   0.296780   0.007283
4 149   0.448122   0.793984
4 150   0.627436   0.514385
4 151   0.074345   0.096040
4 152   0.188696   0.529821
4 153   0.398069   0.471861
4 154   0.408763   0.393867
4 155   0.415216   0.242789
4 156   0.492560   0.425928
4 157   0.548928   0.817701
4 158   0.391338   0.858268
4 159  -0.049675   0.485786
4 160   0.738607   0.376455
4 161   0.673941   0.534912
4 162   0.571339   0.152635
4 163   0.321213   0.589142
4 164   0.489773   0.224149
4 165   0.372247  -0.014077
4 166   0.192893   0.212852
4 167   0.440154   0.315809
4 168   0.343033   0.582373
4 169   0.471272   0.287111
4 170   0.062801   0.312719
4 171   0.365491   0.390672
4 172   0.422674   0.234048
4 173   0.508699   0.423033
4 174   0.346925   0.464228
4 175   0.519910   0.502458
4 176   0.360699   0.473800
4 177   0.472597   0.289941
4 178   0.511386   0.725353
4 179   0.743481   0.245866
4 180   0.793494   0.150899
4 181   0.144209   0.519848
4 182   0.443326   0.236782
4 183   0.662389   0.559769
4 184   0.261119   0.470548
4 185   0.540980   0.323454
4 186   0.418547   0.494750
4 187   0.446505   0.424838
4 188   0.401848   0.147459
4 189   0.333474   0.523555
4 190   0.471656   0.694411
4 191   0.217312   0.640605
4 192   0.473688   0.592013
4 193   0.557259   0.461492
4 194  -0.006915   0.350742
4 195   0.459710   0.496624
4 196   0.363723   0.784562
4 197   0.536694   0.551411
4 198   0.280336   0.353115
4 199   0.024928   0.196351
1 0   1.003299   1.132654
1 1   1.220121   1.325448
1 2   0.740059   0.897846
1 3   1.298488   1.290151
1 4   0.915421   0.950608
1 5   0.948153   0.985167
1 6   1.202035   0.626642
1 7   1.100493   0.959414
1 8   1.147958   0.939278
1 9   1.299935   0.836516
1 10   0.724136   1.325451
1 11   1.003192   0.892121
1 12   0.831318   1.130705
1 13   1.119925   1.141490
1 14   0.789189   0.900747
1 15   0.841500   0.972231
1 16   0.584443   0.545838
1 17   0.651455   1.036193
1 18   0.651730   1.123002
1 19   1.190460   1.136557
1 20   1.390835   0.985392
1 21   1.040460   1.246420
1 22   1.035764   1.031988
1 23   1.078645   0.481267
1 24   1.116728   0.879143
1 25   1.272503   0.830426
1 26   1.171816   1.250822
1 27   0.666576   1.081440
1 28   0.978899   1.112626
1 29   0.807457   0.632754
1 30   0.743366   0.934929
1 31   1.208552   1.146342
1 32   0.988766   1.168718
1 33   0.714839   1.162228
1 34   0.763683   0.941458
1 35   1.270901   1.014674
1 36   0.741603   1.474679
1 37   1.109970   0.919223
1 38   0.906425   0.757633
1 39   1.279867   1.446777
1 40   0.892595   0.975948
1 41   0.950076   0.964767
1 42   1.031195   1.015433
1 43   1.188323   0.837391
1 44   1.099129   0.974330
1 45   1.108290   0.807900
1 46   1.159720   1.256475
1 47   1.128855   1.343444
1 48   1.111617   1.275144
1 49   0.768292   0.942437
1 50   1.181336   1.106837
1 51   1.199622   1.152186
1 52   1.161256   1.192965
1 53   1.045377   1.215503
1 54   1.111121   1.432153
1 55   1.212648   0.445405
1 56   1.352100   0.771200
1 57   0.757537   1.013714
1 58   1.193350   1.126312
1 59   1.106776   0.958427
1 60   0.738184   0.846902
1 61   1.043580   1.140685
1 62   0.730546   1.208635
1 63   1.385824   1.101469
1 64   1.019823   1.200173
1 65   1.382106   1.219428
1 66   1.223096   0.767860
1 67   1.158754   0.997136
1 68   1.055976   1.188883
1 69   0.713820   0.898156
1 70   1.129159   0.994561
1 71   0.671072   0.988980
1 72   0.836331   0.883461
1 73   1.022710   1.119486
1 74   0.856780   1.223540
1 75   0.988319   1.125231
1 76   0.531571   1.076778
1 77   0.988896   1.116684
1 78   0.944128   1.261908
1 79   1.205863   0.895364
1 80   0.820131   0.828286
1 81   0.772157   0.861010
1 82   0.801783   0.866891
1 83   1.102708   0.938274
1 84   0.607163   1.002328
1 85   0.893392   0.922220
1 86   0.968262   0.789218
1 87   0.627856   1.009771
1 88   0.877618   0.442144
1 89   0.773353   1.108554
1 90   1.049858   0.895542
1 91   1.161620   1.401265
1 92   0.993243   0.965268
1 93   1.228913   1.037641
1 94   1.093769   1.233232
1 95   0.984706   1.446755
1 96   1.179795   0.690724
1 97   1.171067   1.057058
1 98   0.666225   0.908364
1 99   0.786646   1.292328
1 100   0.975647   0.954218
1 101   1.030938   0.923862
1 102   0.982874   0.932628
1 103   0.687461   1.035437
1 104   1.131646   0.807020
1 105   1.266144   1.212769
1 106   1.118539   1.127693
1 107   1.041296   1.053556
1 108   0.903261   1.267228
1 109   0.726024   0.996180
1 110   0.926671   0.912711
1 111   0.932907   1.194417
1 112   0.930120   1.086580
1 113   0.968333   0.709045
1 114   0.629045   0.707193
1 115   0.933598   0.910220
1 116   1.013095   1.077323
1 117   0.562978   0.984678
1 118   0.728499   0.942971
1 119   1.035705   0.912639
1 120   1.028178   1.224111
1 121   1.091048   0.885848
1 122   1.199311   0.817268
1 123   0.598620   1.104556
1 124   1.064049   0.888305
1 125   1.361782   1.194854
1 126   0.810133   1.275119
1 127   1.223732   0.857807
1 128   1.229984   0.625920
1 129   0.950287   1.220225
1 130   0.740437   0.863996
1 131   1.157915   0.942546
1 132   0.853028   1.394185
1 133   1.085913   1.099045
1 134   1.006316   0.756233
1 135   0.998383   1.133295
1 136   0.725620   1.133503
1 137   1.055890   0.937455
1 138   1.274108   0.634176
1 139   0.976459   0.818985
1 140   1.118087   1.379627
1 141   0.835994   0.945180
1 142   1.127803   1.047398
1 143   1.096660   0.915909
1 144   1.053250   0.742831
1 145   1.035111   0.874116
1 146   1.099531   1.447097
1 147   0.732772   1.000927
1 148   1.187870   0.975142
1 149   1.245752   0.771349
1 150   1.009768   1.028689
1 151   0.672108   1.240711
1 152   0.788542   0.834118
1 153   0.955625   1.032982
1 154   1.124030   1.301753
1 155   1.161569   0.877953
1 156   0.929299   1.451192
1 157   0.633959   1.167741
1 158   0.835812   0.734082
1 159   1.010237   1.170573
1 160   1.152652   0.939434
1 161   1.050709   1.049592
1 162   1.007376   1.373578
1 163   1.222735   0.737475
1 164   0.614863   0.925564
1 165   0.884115   1.089056
1 166   1.036978   0.870623
1 167   0.817348   0.650432
1 168   0.636546   1.127045
1 169   1.171978   1.031236
1 170   0.894286   0.871910
1 171   1.040772   0.915159
1 172   0.592773   1.145132
1 173   1.025256   0.999051
1 174   0.476150   0.669468
1 175   1.178506   0.765515
1 176   0.985054   0.926979
1 177   0.853133   1.128670
1 178   1.246670   1.282919
1 179   0.541916   1.303220
1 180   0.610437   1.064442
1 181   0.544643   1.210408
1 182   0.875829   1.225266
1 183   1.179430   0.742159
1 184   1.179789   1.124532
1 185   1.189431   1.297033
1 186   0.982245   0.976642
1 187   1.408810   1.015997
1 188   0.975094   0.957352
1 189   1.161266   1.125634
1 190   1.226967   0.985273
1 191   1.109732   1.145463
1 192   1.246600   1.075724
1 193   1.051152   1.237319
1 194   1.152061   1.053776
1 195   1.069821   1.204288
1 196   0.391181   0.840276
1 197   1.119078   1.263212
1 198   0.689347   0.999518
1 199   1.033644   1.081865
2 0   1.006912   0.380100
2 1   0.900846   0.289481
2 2   0.695368   0.180646
2 3   0.791871   0.324940
2 4   1.128056   0.011314
2 5   1.105853   0.245016
2 6   0.785049   0.178914
2 7   0.985029   0.442006
2 8   0.736875   0.506314
2 9   1.092814   0.439870
2 10   1.227696   0.453812
2 11   0.863782   0.593178
2 12   0.628522   0.450642
2 13   1.273988   0.326039
2 14   0.968868   0.384347
2 15   0.773044   0.134977
2 16   0.778499   0.178088
2 17   0.814617   0.485817
2 18   0.846137   0.510227
2 19   0.581459   0.466214
2 20   1.355700   0.448146
2 21   0.932584   0.395040
2 22   1.030582   0.171650
2 23   0.852646   0.406831
2 24   1.071275   0.291939
2 25   0.702921   0.394421
2 26   0.897874   0.415891
2 27   1.235632   0.511287
2 28   1.157271   0.375390
2 29   0.795386   0.249218
2 30   0.768055   0.584285
2 31   0.878978   0.791932
2 32   1.375073   0.590203
2 33   0.920243   0.544942
2 34   1.024082   0.368918
2 35   0.470562   0.358299
2 36   1.099566   0.432498
2 37   1.089526   0.460438
2 38   0.906281   0.150892
2 39   1.172221   0.868977
2 40   0.876008   0.359719
2 41   1.142491   0.401041
2 42   0.972614   0.661837
2 43   1.105573   0.850217
2 44   0.850136   0.552885
2 45   0.964425   0.515017
2 46   0.960071   0.769904
2 47   1.187419   0.184982
2 48   1.173296   0.161766
2 49   0.880957   0.423214
2 50   1.099109   0.466452
2 51   0.974225   0.388424
2 52   1.288778   0.581647
2 53   0.984666   0.543357
2 54   1.144354  -0.077944
2 55   0.706053   0.611622
2 56   1.018467   0.362315
2 57   0.976273   0.265691
2 58   1.247896   0.634463
2 59   1.210818   0.815829
2 60   0.755044   0.283947
2 61   0.785251   0.055057
2 62   0.941515   0.776117
2 63   0.908676   0.324307
2 64   1.435255   0.477075
2 65   1.121953   0.702391
2 66   0.998588   0.705187
2 67   1.334636   0.310416
2 68   1.203301   0.180076
2 69   1.081999   0.539947
2 70   1.136615   0.494073
2 71   0.988846   0.313698
2 72   1.129423   0.852922
2 73   1.062116   0.522143
2 74   1.231046   0.414688
2 75   1.404507   0.653578
2 76   0.962112  -0.018611
2 77   0.619239   0.272516
2 78   0.677287   0.255533
2 79   1.005732   0.265009
2 80   0.734847   0.476608
2 81   1.026646   0.070181
2 82   0.727250   0.522414
2 83   0.850777   0.352371
2 84   0.858216   0.414390
2 85   1.183896   0.078857
2 86   0.788786   0.482272
2 87   0.792424   0.686763
2 88   0.991425   0.607563
2 89   1.152262   0.669707
2 90   0.736789   0.281256
2 91   0.558206   0.846539
2 92   1.039748   0.583704
2 93   1.546589   0.410417
2 94   0.633006   0.460416
2 95   1.059524   0.696850
2 96   0.978217   0.191597
2 97   1.348175   0.217456
2 98   0.841666   0.304377
2 99   0.808518   0.313166
2 100   1.296609   0.386688
2 101   1.164819   0.487953
2 102   0.906759  -0.125180
2 103   1.077301   1.000563
2 104   1.053899   0.668444
2 105   0.872794   0.417867
2 106   0.904319   0.324711
2 107   1.134250   0.465422
2 108   0.998654   0.175019
2 109   1.115070   0.319326
2 110   1.039073   0.521191
2 111   0.473443   0.573949
2 112   0.777281   0.152962
2 113   1.078885   0.444800
2 114   1.536542   0.365584
2 115   1.266310   0.641747
2 116   1.084656   0.601076
2 117   0.922326   0.426490
2 118   1.027313   0.567545
2 119   1.260809   0.406738
2 120   0.952194   0.450784
2 121   0.966798   0.601005
2 122   1.621342   0.280351
2 123   0.821646   0.371183
2 124   1.299799   0.546218
2 125   1.251702   0.200939
2 126   1.131153   0.514356
2 127   1.056926   0.400214
2 128   1.169003   0.508857
2 129   0.955360   0.427566
2 130   0.947734   0.327357
2 131   1.073678   0.474624
2 132   0.768122   0.421208
2 133   0.847430   0.465792
2 134   0.715831  -0.010588
2 135   1.055133   0.718876
2 136   1.286570   0.331465
2 137   1.150487   0.642462
2 138   0.802415   0.512208
2 139   1.238365   0.307355
2 140   1.296415   0.544212
2 141   1.072573   0.713582
2 142   0.995698   0.501235
2 143   0.896472   0.302179
2 144   1.115801   0.533624
2 145   0.852865   0.297872
2 146   0.984207   0.298351
2 147   0.750945   0.354817
2 148   0.705346   0.419440
2 149   1.088253   0.285017
2 150   1.061911   0.362813
2 151   1.032774   0.668478
2 152   0.679691   0.251734
2 153   0.761768   0.485181
2 154   1.092260   0.900118
2 155   0.949544   0.346443
2 156   0.814911   0.623775
2 157   1.356184   0.373102
2 158   1.202708   0.365334
2 159   0.654967   0.438963
2 160   1.388638   0.465444
2 161   1.109615   0.315468
2 162   1.387051   0.674790
2 163   1.140465   0.416783
2 164   0.885726   0.490943
2 165   0.966044   0.447474
2 166   1.013515   0.210895
2 167   1.142060   0.143727
2 168   1.044304   0.536685
2 169   0.945178   0.393454
2 170   0.929312   0.019781
2 171   0.856969   0.632485
2 172   1.085041   0.927489
2 173   1.024836   0.183975
2 174   1.104845   0.632650
2 175   0.879187   0.340395
2 176   1.060567   0.120816
2 177   0.952761   0.470556
2 178   0.923136   0.351097
2 179   1.254572   0.376001
2 180   0.877392   0.352116
2 181   0.785963   0.427225
2 182   0.936894   0.451196
2 183   1.048394   0.435164
2 184   0.962025   0.152096
2 185   0.896266   0.631117
2 186   1.242897   0.149740
2 187   1.043057   0.463982
2 188   0.570211   0.665702
2 189   0.795066   0.327114
2 190   0.766485   0.331787
2 191   1.214940   0.310793
2 192   0.866928   0.737291
2 193   1.396578   0.756717
2 194   0.961850   0.655156
2 195   0.698491   0.304007
2 196   0.949037   0.287793
2 197   1.375456   0.454693
2 198   1.249653   0.188672
2 199   1.191372   0.753047
3 0   0.251523   0.688024
3 1   0.031695   1.285962
3 2   0.263333   1.147475
3 3   0.554903   1.100524
3 4   0.417076   1.000561
3 5   0.458149   1.178032
3 6   0.282733   0.903879
3 7   0.255020   0.977655
3 8   0.613635   0.977153
3 9   0.227635   0.872942
3 10   0.402223   1.213778
3 11   0.312930   0.828930
3 12   0.311032   1.247681
3 13   0.512667   1.186484
3 14   0.467766   0.684796
3 15   0.689632   1.121292
3 16   0.555065   1.150798
3 17   0.448741   1.371369
3 18   0.337106   0.922416
3 19   0.417178   0.985281
3 20   0.660729   1.046206
3 21   0.602327   1.235389
3 22   0.528406   0.539530
3 23   0.447577   1.341785
3 24   0.690269   0.773745
3 25   0.096112   0.981990
3 26   0.529734   1.019877
3 27   0.203461   0.998679
3 28   0.384718   0.993264
3 29   0.195136   0.795168
3 30   0.076540   1.003408
3 31   0.696840   0.860370
3 32   0.546973   0.912071
3 33   0.315255   0.749068
3 34   0.320786   1.139213
3 35   0.101196   0.742124
3 36   0.522091   1.190871
3 37   0.653355   1.135655
3 38   0.851985   1.262538
3 39   0.124558   0.916778
3 40  -0.120533   1.272908
3 41   0.517156   1.057275
3 42   0.646377   1.181629
3 43   0.140564   1.144675
3 44   0.594785   0.936502
3 45   0.680227   1.239767
3 46   0.548956   0.764657
3 47   0.252782   0.941056
3 48   0.298851   1.052177
3 49   0.259557   0.919961
3 50   0.285238   0.886841
3 51   0.207114   0.846253
3 52   0.400488   0.880750
3 53   0.463876   1.057210
3 54   0.597255   0.978366
3 55   0.776592   0.995420
3 56   0.582204   1.394813
3 57  -0.064204   1.159814
3 58   0.787364   1.072646
3 59   0.251600   1.070456
3 60   0.258801   0.945456
3 61   0.331705   0.931917
3 62   0.502290   1.072970
3 63   0.323032   1.075952
3 64   0.573051   1.041685
3 65   0.465979   1.086953
3 66   0.297159   1.230906
3 67   0.286775   1.342262
3 68   0.627054   0.999303
3 69   0.625929   1.020420
3 70   0.548260   1.185831
3 71   0.725889   0.946885
3 72   0.317997   1.264337
3 73   0.352924   1.447363
3 74   0.317564   1.173406
3 75   0.489930   1.178006
3 76   0.521654   0.951193
3 77   0.521960   0.893039
3 78   0.474831   1.259648
3 79   0.501710   0.916760
3 80   0.584515   1.323139
3 81   0.158980   1.067359
3 82   0.564580   1.111107
3 83   0.202434   1.065788
3 84   0.783790   0.721654
3 85   0.257791   1.234650
3 86   0.261113   1.238725
3 87   0.517409   1.235018
3 88   0.955874   1.068955
3 89   0.801964   1.250773
3 90  -0.190236   0.871705
3 91   0.231689   0.939796
3 92   0.724021   1.117300
3 93   0.592080   0.880261
3 94   0.385737   0.861423
3 95   0.444424   0.761229
3 96   0.801288   1.248341
3 97   0.301238   0.976024
3 98   0.310901   0.645491
3 99   0.632728   0.622342
3 100   0.235911   1.340639
3 101   0.401364   1.139196
3 102   0.264738   1.225868
3 103   0.601133   1.218588
3 104   0.444807   0.824146
3 105   0.464617   0.914960
3 106   0.289312   0.787834
3 107   0.476628   0.922164
3 108  -0.181184   1.217759
3 109   0.422088   1.006875
3 110   0.277866   0.840771
3 111   0.781175   0.862939
3 112   0.389992   0.956095
3 113   0.379794   0.764795
3 114   0.256315   0.881761
3 115   0.161744   1.082199
3 116   0.620407   0.856138
3 117   0.415397   0.971589
3 118   0.586493   0.900358
3 119   0.267450   1.256410
3 120   0.295611   1.375281
3 121   0.431726   0.932173
3 122   0.398594   1.043610
3 123   0.451124   1.259510
3 124   0.468372   1.478390
3 125   0.025076   1.238402
3 126   0.011664   1.029763
3 127   0.326880   0.801552
3 128   0.535739   0.880519
3 129   0.338511   1.087545
3 130   0.825402   0.723615
3 131   0.394586   1.275738
3 132   0.291987   1.001960
3 133   0.645785   1.224448
3 134   0.611342   0.668341
3 135   0.785129   1.050588
3 136   0.279676   0.877993
3 137   0.190737   0.999278
3 138   0.431198   1.267531
3 139   0.322692   0.911764
3 140   0.371069   1.101065
3 141   0.344500   1.059496
3 142   0.287019   0.833684
3 143   0.655466   1.200381
3 144   0.748178   0.962094
3 145   0.621247   1.140097
3 146   0.454079   1.063954
3 147   0.276558   1.069765
3 148  -0.074359   1.139986
3 149   0.642886   0.674842
3 150   0.509466   0.830598
3 151   0.207200   1.135567
3 152   0.653987   1.069113
3 153   0.454196   0.679566
3 154   0.069576   0.659044
3 155   0.183307   1.166138
3 156   0.182854   0.775841
3 157   0.469893   1.019059
3 158   0.453329   1.013488
3 159   0.133534   0.535860
3 160   0.253473   1.016924
3 161   0.396800   1.139709
3 162   0.759004   0.842867
3 163   0.202276   0.938203
3 164   0.398841   1.134097
3 165   0.580273   1.291382
3 166   0.208477   1.080613
3 167   0.191410   0.969792
3 168   0.565080   0.856582
3 169   0.387293   0.953454
3 170   0.337608   1.338530
3 171   0.574901   1.005013
3 172   0.642901   0.794207
3 173   0.397711   1.075521
3 174   0.398246   1.144243
3 175   0.575003   0.822312
3 176   0.398292   0.852254
3 177   0.666352   0.860272
3 178   0.215440   0.805786
3 179   0.600488   0.902650
3 180   0.456787   0.902609
3 181   0.318508   1.069449
3 182   0.442825   1.110045
3 183   0.149511   0.869678
3 184   0.412016   0.999662
3 185   0.233668   0.954095
3 186   0.307702   0.854197
3 187   0.873769   0.820108
3 188   0.113261   0.756283
3 189   0.406669   1.218686
3 190   0.608944   0.795505
3 191   0.042592   0.977872
3 192   0.504828   0.895521
3 193   0.694739   0.851179
3 194   0.233886   1.095348
3 195   0.436572   0.423018
3 196   0.383749   1.129590
3 197   0.614093   1.364239
3 198  -0.019383   0.996231
3 199   0.539045   1.007718
4 0   0.302169   0.138715
4 1   0.171119   0.572693
4 2   0.686295   0.112247
4 3   0.382872   0.807607
4 4   0.511430   0.463933
4 5   0.590316   0.510404
4 6   1.004043   0.222711
4 7   0.407544   0.451500
4 8   0.569220  -0.028503
4 9   0.562991   0.192582
4 10   0.456245   0.495783
4 11   0.521553   0.546068
4 12   0.699516   0.460999
4 13   0.161291   0.209219
4 14   0.727860   0.153307
4 15   0.140996   0.517019
4 16   0.481224   0.092811
4 17   0.110747   0.415686
4 18   0.055621   0.542618
4 19   0.139401   0.101910
4 20   0.286374   0.627746
4 21   0.292795   0.323957
4 22   0.288608   0.793277
4 23   0.071020   0.553466
4 24   0.494534   0.517306
4 25   0.434515   0.672097
4 26   0.448736   0.504264
4 27   0.564107   0.345645
4 28   0.522255   0.377969
4 29   0.156684   0.565668
4 30   0.309301   0.371597
4 31   0.488100   0.363370
4 32   0.312978   0.779757
4 33   0.094028   0.633032
4 34   0.484404   0.477285
4 35   0.575434   0.334365
4 36   0.760696   0.479100
4 37   0.280602   0.370490
4 38   0.630604   0.449134
4 39   0.173130   0.720953
4 40   0.257499   0.343599
4 41   0.277314   0.057487
4 42   0.356354   0.309990
4 43   0.651409   0.659693
4 44   0.236765   0.246283
4 45   0.257751   0.496562
4 46   0.442196   0.748623
4 47   0.292603   0.229580
4 48   0.575458   0.547286
4 49   0.201159   0.324352
4 50   0.476243   0.570218
4 51   0.654257   0.584299
4 52   0.632541   0.419930
4 53   0.694454   0.411818
4 54   0.680685   0.605529
4 55   0.077596  -0.111703
4 56   0.076619   0.323477
4 57   0.349811   0.377868
4 58   0.258441   0.245129
4 59   0.338607   0.054673
4 60   0.023702   0.185065
4 61   0.141093   0.279406
4 62   0.406902   0.548467
4 63   0.322944   0.705431
4 64   0.434249   0.363306
4 65   0.240222   0.131927
4 66   0.200394   0.370625
4 67   0.588961  -0.065408
4 68   0.562851   0.409584
4 69   0.439122   0.067514
4 70   0.381186   0.279985
4 71   0.386384   0.361375
4 72   0.264373   0.460408
4 73   0.259653   0.450972
4 74   0.926425   0.585582
4 75   0.447963   0.162041
4 76  -0.097473   0.446827
4 77   0.264032   0.920362
4 78   0.585064   0.757123
4 79   0.514415   0.416428
4 80   0.067338   0.126429
4 81   0.294662   0.492625
4 82   0.174816   0.432972
4 83   0.463054   0.855880
4 84  -0.008515   0.119975
4 85   0.368573   0.820021
4 86   0.560960   0.413143
4 87   0.329083   0.075236
4 88   0.562357   0.137346
4 89   0.395296   0.466859
4 90   0.522818   0.529088
4 91   0.602619   0.353277
4 92   0.253233   0.474783
4 93   0.352454   0.141969
4 94   0.242449   0.047632
4 95   0.814770   0.596331
4 96   0.252853   0.641269
4 97   0.345423   0.200231
4 98   0.469303   0.221837
4 99   0.517563   0.568507
4 100   0.344661   0.517914
4 101   0.684048   0.376919
4 102   0.398538  -0.099152
4 103   0.865571   0.712605
4 104   0.266960   0.446382
4 105   0.102584   0.124544
4 106   0.393348   0.087935
4 107   0.261329   0.607479
4 108   0.198843   0.731344
4 109   0.641989   0.463808
4 110   0.273208   0.604062
4 111   0.499699   0.485592
4 112   0.195720   0.532975
4 113   0.209074   0.417106
4 114   0.127862   0.665540
4 115   0.273630   0.276113
4 116   0.220872   0.496335
4 117   0.384801   0.221691
4 118   0.449154   0.484680
4 119   0.110653   0.482396
4 120   0.467012   0.602632
4 121   0.288152   0.308896
4 122   0.181332   0.122158
4 123   0.356963   0.456819
4 124   0.384210   0.246875
4 125   0.747572   0.438051
4 126   0.603720   0.586577
4 127   0.531667   0.303475
4 128   0.588734   0.475088
4 129   0.640580   0.214615
4 130   0.347407   0.593706
4 131   0.333802   0.453125
4 132   0.800713   0.720337
4 133   0.125593   0.694493
4 134   0.329293   0.335316
4 135   0.128075   0.611321
4 136   0.250866   0.539034
4 137   0.735616   0.475070
4 138   0.168679   0.567256
4 139   0.090397   0.679364
4 140   0.559899   0.459763
4 141   0.481257   0.446801
4 142   0.119120   0.234118
4 143   0.489434   0.447902
4 144   0.321904   0.511828
4 145   0.376666   0.447417
4 146   0.147512   0.394878
4 147   0.379763   0.981812
4 148   0.217501   0.513038
4 149   0.333101   0.312066
4 150   0.417499   0.439524
4 151   0.783206   0.382821
4 152   0.564118   0.701129
4 153   0.450876   0.232977
4 154   0.653655   0.489739
4 155   0.497922   0.621654
4 156   0.237047   0.324058
4 157   0.806745   0.097799
4 158   0.473395   0.434931
4 159   0.423054   0.549564
4 160   0.519036   0.429508
4 161   0.626448   0.457590
4 162   0.351172   0.311020
4 163   0.504006   0.122624
4 164   0.487319   0.339928
4 165   0.204068   0.458489
4 166   0.612297   0.373895
4 167   0.469559   0.644348
4 168   0.330443   0.003873
4 169   0.481291   0.332466
4 170   0.759297   0.196957
4 171   0.273933   0.394161
4 172   0.261611   0.210264
4 173   0.485131  -0.003351
4 174   0.306335   0.145546
4 175   0.475664   0.281848
4 176   0.285948   0.274242
4 177   0.519356   0.235219
4 178   0.486865   0.722304
4 179   0.376336   0.713233
4 180   0.267067   0.090222
4 181   0.354977   0.287068
4 182   0.486458   0.439644
4 183   0.500597   0.213309
4 184   0.116660   0.360276
4 185   0.475114   0.453170
4 186   0.498336   0.386070
4 187   0.385476   0.420203
4 188   0.074849   0.572724
4 189   0.912033   0.528823
4 190   0.417216   0.481924
4 191   0.336377   0.294010
4 192   0.534666   0.264544
4 193   0.498669   0.256615
4 194   0.256956   0.777199
4 195   0.153771   0.060579
4 196   0.396205   0.334656
4 197   0.440957   0.128525
4 198   0.408808   0.184658
4 199   0.176801   0.324940